21.000000 -1273.000000
32.178692 -1280.951223
43.426342 -1284.804288
54.480317 -1278.561719
65.810954 -1283.217822
76.920055 -1280.779820
88.147032 -1281.241693
99.630519 -1285.597620
110.358043 -1277.879548
121.819938 -1281.038774
132.907974 -1279.113992
144.736867 -1285.056492
156.050775 -1284.922289
167.258552 -1283.694838
178.333322 -1281.377082
190.031419 -1283.921095
200.950820 -1280.416613
213.447853 -1287.698654
225.146977 -1288.933284
235.891983 -1284.143853
246.916279 -1281.234887
258.817361 -1283.147654
268.479267 -1273.170457
282.171994 -1283.701363
293.780138 -1283.329652
305.401653 -1282.852953
317.710441 -1285.194115
328.447544 -1280.611185
339.853058 -1278.849767
353.254265 -1284.731919
365.229330 -1284.681349
375.892563 -1279.701242
388.700233 -1282.323102
401.864577 -1285.777264
411.608598 -1277.623154
423.043654 -1275.119563
440.027044 -1289.632636
450.313200 -1283.081905
464.098258 -1286.850781
475.978749 -1284.820352
488.541536 -1284.559813
500.083698 -1281.367555
513.755931 -1283.673086
528.237698 -1287.697914
538.331706 -1280.440903
554.460705 -1287.888068
565.288462 -1282.263261
580.843693 -1287.552344
593.685193 -1286.272004
609.864405 -1292.145005
621.117932 -1286.957058
634.908824 -1287.086615
650.500967 -1290.668250
664.417247 -1290.495349
677.016272 -1287.504427
692.844232 -1290.600762
705.959010 -1288.220538
721.469060 -1290.103521
733.670142 -1285.690969
750.771716 -1289.867141
747.500000 -1258.334912
748.810012 -1235.576216
756.989409 -1224.892073
763.470460 -1211.601674
766.596405 -1193.203671
767.309156 -1171.470718
779.137537 -1167.429431
793.159842 -1166.606265
811.698766 -1172.259128
841.156231 -1193.334721
856.127291 -1192.685376
871.729830 -1192.679234
886.807677 -1191.682033
901.932547 -1190.512011
916.500754 -1188.369639
932.924621 -1188.443304
953.727135 -1193.836292
969.712306 -1192.694831
985.118839 -1190.587613
1006.285163 -1195.246480
1022.463096 -1193.497242
1043.880676 -1197.639396
1060.197502 -1195.459975
1075.891117 -1192.337507
1098.300276 -1196.463169
1119.509678 -1198.812950
1135.385320 -1195.031948
1157.473404 -1197.593087
1174.132895 -1194.104069
1195.723927 -1195.407753
1218.131781 -1197.131781
1239.231767 -1197.153023
1261.861156 -1198.285689
1283.876780 -1198.425316
1305.988454 -1198.271119
1334.828214 -1203.901750
1356.431251 -1202.427700
1378.856722 -1201.330147
1407.401499 -1205.180436
1430.032254 -1203.427234
1452.737064 -1201.370043
1480.142087 -1202.823915
1508.457370 -1204.519228
1531.433743 -1201.453249
1561.561023 -1203.618184
1591.046260 -1204.738868
1619.069656 -1204.231861
1649.614000 -1205.110966
1681.911889 -1206.723123
1713.546163 -1207.281445
1744.495901 -1206.804822
1781.333539 -1209.843722
1812.550194 -1208.415864
1851.379379 -1211.501683
1889.558025 -1213.455770
1927.064668 -1214.297115
1965.574284 -1215.104873
2006.798943 -1216.899157
2046.486332 -1217.034971
2085.463468 -1216.061918
2125.441731 -1215.000000
2173.389636 -1217.763464
2219.793944 -1218.811385
2266.377723 -1219.140632
2313.131951 -1218.748177
2366.256643 -1220.863333
2419.589563 -1222.142425
2479.384691 -1225.705393
2533.129359 -1225.247355
2593.368060 -1226.956626
2654.730429 -1228.128669
2724.494936 -1232.053624
2787.215646 -1231.598555
2867.554471 -1237.717110
2938.079881 -1238.226946
3009.750288 -1237.980904
3098.323213 -1243.319284
3178.837226 -1243.905164
3275.461367 -1249.270672
3332.136189 -1237.983093
3716.811078 -1345.165224
3827.386341 -1347.912098
3944.902089 -1351.107841
4064.652066 -1352.987055
4198.040220 -1357.202639
4339.430353 -1361.595860
4360.710983 -1326.782796
4374.041596 -1289.429665
4444.726325 -1268.483111
4637.753501 -1280.339060
4811.992098 -1283.742464
5015.673677 -1291.710441
5214.993023 -1295.007907
5431.266237 -1298.890004
5678.192596 -1306.065822
5929.543435 -1309.892544
6200.936541 -1313.586063
6517.900792 -1321.809405
6866.867977 -1330.701934
7252.839845 -1340.342290
7707.424512 -1355.324027
8052.323653 -1343.982655
8600.060926 -1358.789763
9199.067212 -1371.671335
10020.726958 -1405.369973
10854.518000 -1426.259702
11837.261935 -1450.854533
12829.134792 -1459.302629
13923.421575 -1461.203388
15845.808762 -1523.755774
32663.311672 -2855.832223
32686.990274 -2570.869190
32708.181235 -2285.710375
32726.882940 -2000.377495
32739.099447 -1714.682934
32748.820691 -1428.927511
32760.044102 -1143.272612
1777.397920 -45.992898
1766.734076 -30.471902
1738.934584 -14.992188
1734.000000 0.000000
1720.935269 14.835110
1722.740777 29.703996
1723.416424 44.579343
1727.959533 59.608340
1738.363893 74.981727
1757.616761 91.012228
10483.448957 639.910791
9028.005810 629.831201
8326.318307 653.642727
7679.744839 670.053350
7112.202517 682.805141
6668.384349 698.668248
6222.875523 706.614460
5837.320449 714.154352
5537.399209 726.247734
5235.751650 732.885550
4972.013412 739.933912
4732.273385 746.192398
4511.558344 751.461749
4293.096033 753.285795
4118.223200 759.375435
3947.508734 763.235982
3798.609736 768.563387
3656.774632 772.807755
3530.784146 778.100412
3402.064125 780.580159
3274.549754 781.108187
3185.134363 788.907302
3182.970193 817.741093
3154.463380 839.608982
3050.654145 840.197454
2956.693219 841.796485
2870.612252 844.093604
2785.677049 845.246598
2699.037198 844.381885
2617.384289 843.616395
2538.799305 842.443863
2386.687476 814.571522
2312.561465 811.484475
2256.528745 813.665921
2201.572857 815.282784
2145.829051 815.645453
2085.596583 813.266222
2041.333619 816.267767
1993.482802 817.029128
1947.616658 817.800252
1903.724333 818.631839
1857.226370 817.540653
1812.713742 816.530995
1774.705568 817.766336
1741.327552 820.554151
1703.542455 820.630787
1667.679225 821.003976
1638.176841 823.992757
1603.427326 823.759526
1574.104816 825.800479
1539.595971 824.530338
1510.477361 825.630783
1472.753301 821.362498
1448.209865 824.000000
1420.285757 824.242301
1396.753518 826.636110
1369.024100 826.070231
1346.499174 828.263810
1318.136044 826.366798
1296.617934 828.395972
1275.164276 830.113226
1254.607908 832.079040
1232.465497 832.617168
1204.674704 828.817951
1190.884000 834.470147
1164.141013 830.540561
1145.595748 832.157079
1130.304723 835.921067
1103.133956 830.350589
1083.238496 829.911669
1063.434065 829.189496
1049.941253 833.220198
1029.513330 831.354234
1010.729421 830.481592
992.038418 829.345158
977.971748 831.882849
964.684208 834.901261
946.958453 833.736736
927.851124 830.975955
916.176931 834.765993
901.604486 835.662455
882.769081 832.200728
869.768034 834.082025
856.800215 835.800215
844.568386 838.069278
828.193026 835.872848
813.984471 835.631275
802.570121 838.131342
783.065754 831.648836
776.448455 839.010508
758.496114 833.587717
747.257345 835.463505
734.743405 835.686156
722.924070 836.520532
710.508791 836.441048
699.407382 837.763346
685.845632 835.825512
673.601164 835.291399
662.025785 835.401067
650.498514 835.372744
643.184635 840.834276
631.121092 839.759640
619.704747 839.353099
607.768694 837.992541
595.902330 836.488081
585.225640 836.498911
572.936985 833.885822
565.639035 838.670568
556.150410 840.017880
545.620072 839.567615
537.751081 843.261123
526.767390 841.738289
516.864981 841.811690
508.500000 844.374769
500.620548 847.726448
486.902045 840.509539
479.072410 843.664428
468.406399 841.449056
457.814188 839.112248
450.475013 842.892172
443.103131 846.607906
436.137476 851.157962
424.819409 846.624997
417.838548 851.023012
407.494102 848.083904
400.078551 851.424367
389.444140 847.363509
382.035563 850.546485
374.599492 853.664688
364.514246 850.227595
354.149615 845.749569
346.756466 848.624608
336.536851 843.941643
329.502169 847.602744
322.093787 850.262625
311.406794 843.402569
304.035754 845.904700
294.171023 840.733960
286.823927 843.085784
277.702357 839.635576
272.637595 849.514285
262.733961 843.026507
253.497387 838.358494
244.360836 833.593988
240.833644 850.033628
232.681659 849.008760
224.330912 846.934201
217.382270 850.625067
207.138068 839.614566
200.427789 844.141379
192.855159 844.695095
185.286545 845.181005
178.269258 848.548985
169.469192 842.010629
162.115703 843.274189
154.907902 845.461220
147.672665 847.586595
140.271348 848.659735
131.947263 842.728132
124.832681 845.649321
117.788748 849.503937
109.744665 844.349089
103.139810 853.054542
95.518160 851.746467
88.004068 851.367403
80.502272 850.922135
73.196501 853.405253
65.590235 850.832364
58.250957 853.187181
50.559874 846.484030
43.198052 847.709412
35.817093 848.870693
28.452461 853.967482
21.000000 854.000000
