21.000000 -1279.000000
32.161239 -1278.951300
43.408890 -1283.804441
54.611202 -1283.560005
65.741155 -1281.219040
76.832816 -1278.781724
88.042360 -1279.244434
99.630519 -1285.597620
110.846338 -1284.862497
121.584561 -1278.048022
132.733662 -1277.121603
144.449329 -1282.070303
155.946246 -1283.927767
167.145349 -1282.701266
179.064538 -1287.332359
190.945102 -1290.861210
202.064204 -1288.338757
214.482519 -1294.621765
224.834108 -1286.957908
235.561888 -1282.171282
247.089927 -1282.219694
259.364067 -1286.097419
270.768975 -1284.949983
283.966305 -1292.520685
294.195962 -1285.285947
305.834532 -1284.805545
318.160343 -1287.142856
330.081662 -1287.417775
341.788434 -1286.612133
355.257305 -1292.477100
365.488149 -1285.647275
378.030470 -1287.410285
390.629694 -1289.051934
402.148593 -1286.736084
412.193341 -1279.535763
426.050712 -1284.656733
440.027044 -1289.632636
452.851637 -1290.668495
466.377235 -1293.469411
478.315397 -1291.418843
491.277697 -1292.077354
502.535149 -1287.924260
514.472667 -1285.540247
527.871197 -1286.767497
541.703165 -1288.785558
554.460705 -1287.888068
566.069924 -1284.104271
583.236187 -1293.054705
593.685193 -1286.272004
609.449711 -1291.235043
620.695313 -1286.050750
634.908824 -1287.086615
650.939338 -1291.567045
663.971049 -1289.600415
680.648196 -1294.632480
692.844232 -1290.600762
705.959010 -1288.220538
721.469060 -1290.103521
738.518238 -1294.437167
749.786869 -1288.126430
754.500000 -1270.459267
755.408011 -1246.777395
756.989409 -1224.892073
771.307939 -1224.391276
772.425517 -1202.532200
767.309156 -1171.470718
779.137537 -1167.429431
793.711779 -1167.440151
811.139573 -1171.430090
840.023419 -1191.686469
855.553715 -1191.866224
870.568424 -1191.051003
885.632106 -1190.063999
906.691129 -1196.942865
921.315275 -1194.758723
941.447281 -1199.550251
953.111474 -1193.048281
974.069909 -1198.173088
988.894761 -1195.250489
1005.013007 -1193.703231
1021.177521 -1191.965153
1036.736748 -1189.274930
1058.885384 -1193.950556
1079.866837 -1196.831242
1096.292884 -1194.233735
1118.158497 -1197.338395
1134.703322 -1194.300595
1156.096695 -1196.142338
1177.606187 -1197.700768
1193.621199 -1193.268001
1216.010460 -1195.010460
1237.805266 -1195.751205
1260.422476 -1196.896372
1283.151406 -1197.736962
1311.107930 -1203.045107
1332.616382 -1201.874979
1354.944962 -1201.089438
1377.358810 -1200.004907
1405.892080 -1203.868318
1428.511442 -1202.128337
1451.204975 -1200.084467
1486.315084 -1207.912540
1502.240203 -1199.484665
1530.651135 -1200.830734
1559.985002 -1202.386861
1595.806380 -1208.391437
1625.458740 -1209.046382
1649.614000 -1205.110966
1681.102872 -1206.135338
1712.732047 -1206.700742
1751.049118 -1211.393434
1782.157665 -1210.410128
1811.721157 -1207.856671
1852.213265 -1212.053620
1890.396696 -1214.000409
1927.908059 -1214.834414
1967.270381 -1216.164711
2007.651583 -1217.421656
2046.486332 -1217.034971
2085.463468 -1216.061918
2134.968011 -1220.500000
2182.093193 -1222.687700
2222.417803 -1220.265814
2269.892991 -1221.049268
2316.663741 -1220.626063
2370.691697 -1223.172076
2420.480570 -1222.596416
2479.384691 -1225.705393
2540.319712 -1228.754324
2609.614596 -1234.705826
2671.950277 -1236.158416
2734.504510 -1236.615250
2804.573009 -1239.326551
2881.310372 -1243.698346
2944.523415 -1240.962064
3023.608481 -1243.721155
3103.886316 -1245.566923
3184.419731 -1246.104171
3281.062849 -1251.420880
3330.262845 -1237.282678
3722.449233 -1347.217345
3831.156907 -1349.247325
3946.793126 -1351.758977
4066.548713 -1353.621664
4184.725428 -1352.876401
4339.430353 -1361.595860
4354.016849 -1324.736194
4375.959236 -1289.997696
4418.772259 -1261.040903
4620.408153 -1275.528769
4793.639508 -1278.824902
4991.469986 -1285.450941
5194.616813 -1289.927547
5411.818839 -1294.221097
5651.884604 -1299.992143
5912.946403 -1306.213070
6193.111361 -1311.922769
6519.860641 -1322.208141
6871.776113 -1331.655979
7270.538433 -1343.622529
7676.895472 -1349.940933
8053.309939 -1344.147702
8599.073238 -1358.633329
9164.451657 -1366.498006
1901.519063 -264.289719
1874.010446 -243.953453
1868.128388 -226.798848
1867.056508 -210.331571
1868.821682 -194.213885
1878.409306 -178.848174
1882.887891 -162.894083
1888.226166 -146.953886
1943.305925 -134.420725
32726.882940 -2000.377495
1940.365966 -100.589708
1917.193525 -82.789597
1903.852318 -65.750652
1897.356799 -49.134132
1890.715190 -32.636000
1897.928530 -16.379707
1913.000000 0.000000
1915.927844 16.536785
1961.704376 33.875121
17818.899014 466.054388
14221.344261 495.886949
32752.816884 1429.101988
11036.882398 577.317933
10489.437766 640.277083
9030.998502 630.040471
8329.309059 653.878104
7684.725812 670.489129
7126.138064 684.146981
6676.340524 699.504476
6234.798385 707.972899
5843.275726 714.885568
5540.373543 726.639312
5227.829505 731.772165
4971.024396 739.786103
4723.384190 744.784488
4504.654345 750.306416
4297.035264 753.980387
4127.072494 761.015554
3928.857817 759.610611
3782.930941 765.373500
3636.233532 768.441609
3515.163409 774.637378
3388.422944 777.430844
3286.218193 783.909532
3191.926433 790.600755
3185.874636 818.492233
3162.190787 841.679535
3063.181341 843.671553
2960.538266 842.899034
2877.323990 846.081712
2792.371183 847.293200
2707.620650 847.088237
2625.943798 846.397548
2553.024159 847.203433
2364.940549 807.083455
2321.045238 814.488737
2256.528745 813.665921
2202.509529 815.632991
2154.231275 818.870765
2093.039924 816.198232
2044.115171 817.391587
1994.406681 817.411812
1949.457668 818.581714
1904.641393 819.030588
1866.361824 821.608019
1819.993433 819.848541
1781.049722 820.724664
1754.866331 827.011817
1706.238837 821.945900
1677.523503 825.912152
1633.721809 821.722805
1605.201348 824.683023
1576.753659 827.208894
1549.262959 829.779084
1513.101220 827.085212
1485.808636 828.748852
1454.272043 827.500000
1432.348565 831.347839
1400.182187 828.696263
1378.403142 831.817715
1355.827703 834.092922
1327.413350 832.277093
1305.843310 834.387002
1278.499820 832.320974
1257.095021 833.756619
1235.762002 834.882793
1213.685376 835.127291
1194.140462 836.792959
1174.658234 838.181770
1157.653601 841.079420
1134.297901 838.930142
1115.034256 839.482011
1095.058657 839.146591
1074.390579 837.904701
1054.604129 836.996120
1041.859324 841.531485
1022.220087 840.123406
1001.923696 837.787982
988.537682 841.067675
965.433164 835.563881
952.160466 838.420650
939.647562 841.785399
926.415883 844.313970
906.682107 840.480937
893.559178 842.620603
880.466791 844.595663
862.457070 841.457070
848.773841 842.348780
835.139610 843.066246
822.933081 845.061142
808.026108 843.982172
792.524017 841.970719
779.794108 842.726232
767.110174 843.324142
755.130053 844.520020
742.536782 844.811028
730.637521 845.713065
713.053104 839.527547
700.666022 839.317638
692.693293 844.434201
676.063810 838.443442
669.330922 844.921307
656.516664 843.359099
644.374281 842.441990
632.296662 841.377674
620.866153 840.981330
608.342271 838.811693
596.468737 837.312208
589.699183 843.131211
577.904418 841.390794
566.728313 840.347909
554.538511 837.487706
545.620072 839.567615
534.093591 837.292641
524.707237 838.309620
518.387596 844.396577
512.000000 850.436947
499.635700 845.985736
488.841284 844.008017
478.118092 841.906794
470.753757 845.863794
460.122931 843.547302
453.198956 848.238211
445.780318 851.977512
434.383991 847.562786
427.402475 852.040508
416.570693 848.304089
405.835329 844.444059
398.858341 848.683730
391.437885 851.948809
380.863369 847.784970
373.834125 851.816929
363.015820 846.518859
355.249119 848.540822
348.189938 852.358929
338.287887 848.625003
330.870250 851.361514
321.092366 847.434700
313.685771 850.021199
303.401144 844.008053
296.025125 846.440300
285.921809 840.224634
279.164215 844.417100
269.513427 838.967268
262.182686 841.103984
255.100817 844.140277
248.243122 848.082875
241.084024 851.001776
231.713971 845.127578
224.097467 845.961831
217.382270 850.625067
208.653145 846.448638
200.427789 844.141379
194.250735 851.554568
186.622208 852.052395
178.269258 848.548985
170.511081 847.919475
163.436084 851.164474
156.002943 852.375038
148.855141 855.498722
140.271348 848.659735
133.252525 852.642581
125.076419 847.634414
117.788748 849.503937
110.476365 851.310742
103.043964 852.059146
96.215406 859.716024
88.631741 859.342742
80.432516 849.924571
73.074404 851.408983
65.276219 844.840586
58.381815 856.184326
50.699472 850.481594
43.040990 841.711468
35.851998 850.870389
28.400102 847.967711
21.000000 850.000000
