21.000000 -1280.000000
32.143786 -1276.951376
43.251818 -1274.805811
54.349432 -1273.563432
65.706255 -1280.219649
76.789196 -1277.782675
87.990024 -1278.245804
98.958985 -1274.618138
110.706825 -1282.867369
121.506102 -1277.051105
132.646506 -1276.125408
144.161792 -1279.084115
155.737189 -1281.938723
166.805739 -1279.720550
178.820800 -1285.347266
189.248262 -1277.972426
201.507512 -1284.377685
212.560997 -1281.764559
223.739067 -1280.044089
234.736650 -1277.239854
246.048038 -1276.310848
258.452890 -1281.181145
269.051694 -1276.115338
281.175154 -1278.801740
292.948492 -1279.417062
304.319455 -1277.971473
316.135783 -1278.373525
329.147880 -1283.528295
340.336902 -1280.790359
351.501605 -1277.954885
364.194054 -1280.817646
375.090848 -1276.810351
387.046409 -1276.555532
400.160485 -1280.024346
413.947571 -1285.273592
425.750006 -1283.703016
437.863925 -1282.975240
448.409372 -1277.391964
461.493713 -1279.286633
473.642101 -1278.221862
488.883556 -1285.499505
498.682868 -1277.620866
513.397563 -1282.739506
527.138194 -1284.906661
540.579345 -1286.004006
553.312654 -1285.116430
565.288462 -1282.263261
579.248696 -1283.884104
592.871720 -1284.444913
607.790938 -1287.595198
619.427459 -1283.331826
633.186780 -1283.476274
649.185853 -1287.971868
663.078653 -1287.810546
678.832234 -1291.068454
694.229478 -1293.261795
704.550595 -1285.571695
720.514743 -1288.345887
738.033428 -1293.562547
749.294445 -1287.256074
750.500000 -1263.531064
751.347704 -1239.884362
754.414219 -1220.606236
766.605452 -1216.717515
767.656243 -1194.899767
766.234557 -1169.783935
782.405371 -1172.461454
797.023401 -1172.443466
810.021187 -1169.772015
838.890606 -1190.038216
854.406562 -1190.227920
869.987721 -1190.236888
885.632106 -1190.063999
900.148079 -1188.100440
920.111645 -1193.161452
935.968428 -1192.410070
951.880151 -1191.472259
967.222248 -1189.564398
983.230878 -1188.256175
1004.376929 -1192.931606
1020.534733 -1191.199109
1035.437851 -1187.754118
1057.573266 -1192.441137
1073.903257 -1190.090640
1095.623754 -1193.490590
1116.807317 -1195.863840
1133.339325 -1192.837887
1155.408341 -1195.416963
1176.911528 -1196.981428
1192.219381 -1191.841501
1215.303353 -1194.303353
1237.092016 -1195.050296
1259.703136 -1196.201714
1280.975282 -1195.671898
1309.645222 -1201.681110
1331.879105 -1201.199389
1354.201817 -1200.420308
1375.860899 -1198.679667
1405.137370 -1203.212259
1426.230224 -1200.179993
1450.438931 -1199.441680
1478.598838 -1201.551758
1507.680224 -1203.889908
1529.868526 -1200.208219
1559.196991 -1201.771200
1587.872847 -1202.303822
1618.271020 -1203.630046
1648.006286 -1203.921320
1680.293855 -1205.547552
1711.103816 -1205.539336
1749.410813 -1210.246281
1781.333539 -1209.843722
1811.721157 -1207.856671
1850.545494 -1210.949746
1888.719355 -1212.911131
1927.064668 -1214.297115
1965.574284 -1215.104873
2006.798943 -1216.899157
2046.486332 -1217.034971
2085.463468 -1216.061918
2134.968011 -1220.500000
2174.259992 -1218.255888
2222.417803 -1220.265814
2261.983637 -1216.754839
2315.780794 -1220.156592
2368.917675 -1222.248579
2420.480570 -1222.596416
2478.489757 -1225.259195
2539.420918 -1228.315953
2601.491328 -1230.831226
2661.980891 -1231.509615
2732.684587 -1235.785863
2801.832373 -1238.106342
2864.803291 -1236.520863
2944.523415 -1240.962064
3022.684601 -1243.338472
3096.468846 -1242.570070
3183.489314 -1245.737670
3281.996430 -1251.779248
3336.819550 -1239.734130
3720.569848 -1346.533304
3830.214266 -1348.913518
3946.793126 -1351.758977
4067.497037 -1353.938969
4193.284937 -1355.657554
4338.476636 -1361.295154
4358.798373 -1326.198053
4373.082777 -1289.145650
4429.346138 -1264.072914
4629.080827 -1277.933914
4801.366914 -1280.895454
4991.469986 -1285.450941
5198.497995 -1290.895235
5416.680688 -1295.388324
5661.628305 -1302.241654
5908.064923 -1305.130872
6188.220623 -1310.883211
6512.021243 -1320.613198
6848.217061 -1327.076563
7245.957061 -1339.066641
7698.561242 -1353.761193
8021.748800 -1338.866179
8573.393341 -1354.566033
9148.627403 -1364.133055
1491.548082 -206.672055
1508.167292 -195.789288
1484.013028 -179.635412
1482.544200 -166.521927
1477.974577 -153.134199
1481.246223 -140.605719
1483.413817 -127.944630
1483.477729 -115.099493
1500.387487 -103.448851
1509.218984 -91.023372
1541.912781 -79.707661
32748.820691 -1428.927511
32760.044102 -1143.272612
32768.774309 -857.530650
32775.010646 -571.723382
32778.752638 -285.872576
32780.000000 0.000000
1882.929101 16.248809
1857.720216 32.060071
1844.374961 47.746754
1833.894960 63.307687
1833.273474 79.125569
1833.512606 94.989761
1839.601603 111.230439
1849.534904 127.863616
1865.297067 145.149327
7662.809529 668.571703
7100.257763 681.654992
6648.493911 696.577679
6206.978373 704.803209
5823.424802 712.448182
5524.510425 724.550893
5219.907361 730.658780
4953.222111 737.125533
4715.482683 743.533012
4502.681773 749.976321
4285.217571 751.896609
4108.390651 757.553079
3929.839444 759.801420
3781.951016 765.174132
3640.146123 769.273256
3516.139705 774.853818
3391.346054 778.105697
3276.494493 781.575078
3194.837321 791.326521
3185.874636 818.492233
3160.258935 841.161897
3054.508667 841.266408
2961.499528 843.174671
2874.447531 845.229666
2792.371183 847.293200
2704.759499 846.186120
2624.041685 845.779514
2542.592599 843.713081
2385.741958 814.245954
2313.504106 811.818282
2257.468437 814.007941
2203.446201 815.983198
2144.895470 815.287085
2092.109506 815.831731
2045.042355 817.766193
1986.091766 813.967661
1942.093629 815.455865
1904.641393 819.030588
1859.053461 818.354126
1820.903394 820.263234
1780.143415 820.302046
1747.645649 823.567728
1705.340043 821.507529
1669.469094 821.896372
1632.830802 821.268814
1604.314337 824.221275
1576.753659 827.208894
1541.353605 825.484655
1512.226601 826.600403
1477.105079 823.824616
1454.272043 827.500000
1431.486936 830.840300
1401.039354 829.211301
1378.403142 831.817715
1349.891367 830.383487
1328.256741 832.814393
1299.133946 830.029889
1278.499820 832.320974
1257.924058 834.315812
1236.586128 835.449199
1208.770464 831.685833
1188.441653 832.728038
1174.658234 838.181770
1150.418889 835.726015
1135.096537 839.531957
1114.240903 838.873249
1094.270646 838.530929
1074.390579 837.904701
1055.381275 837.625440
1034.914703 835.806781
1022.220087 840.123406
1001.163290 837.138534
988.537682 841.067675
965.433164 835.563881
951.417321 837.751519
938.910284 841.109808
919.833699 838.175985
905.231358 839.104228
887.085120 836.368678
874.047537 838.287480
862.457070 841.457070
848.072932 841.635530
835.139610 843.066246
816.049535 837.807399
803.934117 839.594049
792.524017 841.970719
779.794108 842.726232
762.471834 838.081452
755.130053 844.520020
737.341197 838.727780
725.495220 839.584710
717.505651 844.928919
700.036702 838.540492
687.713176 838.173336
676.063810 838.443442
668.113399 843.334601
656.516664 843.359099
639.615698 836.011135
628.182166 835.714555
620.866153 840.981330
608.915847 839.630845
597.035143 838.136334
589.699183 843.131211
574.040859 835.553594
567.272952 841.186580
550.240114 830.740574
545.090152 838.719567
533.571092 836.440001
524.707237 838.309620
515.342366 839.226802
508.000000 843.508743
498.650853 844.245025
488.841284 844.008017
478.118092 841.906794
466.997985 838.800213
459.661183 842.660292
449.113041 840.219152
441.764538 843.923103
434.383991 847.562786
423.527876 843.917241
416.148075 847.397781
405.420636 843.534098
398.451605 847.770185
387.849143 843.695268
380.472638 846.864465
370.007290 842.578134
360.018967 839.101388
355.249119 848.540822
345.322994 844.890286
337.587473 846.751659
327.450048 841.964588
320.090946 844.606776
310.104521 839.620495
302.766535 842.111406
292.934955 836.929734
285.921809 840.224634
278.579472 842.504490
268.945396 837.049629
261.631412 839.181461
252.695672 835.467603
245.913750 839.389543
240.583264 849.065481
231.472049 844.157282
223.630576 844.017091
214.682858 838.932626
207.787387 842.543454
199.804054 841.206937
192.257056 841.755321
186.431399 851.070768
178.087023 847.565730
170.337433 846.934668
161.785608 841.301618
154.438599 842.498155
147.377047 845.608563
139.993001 846.679199
132.860947 849.668246
124.954550 846.641867
117.562341 847.516793
110.267308 849.321699
102.468890 846.086769
95.169537 847.761688
87.690231 847.379734
80.362759 848.927007
73.013356 850.410848
65.276219 844.840586
57.989240 847.192892
50.769271 852.480375
43.276583 850.708384
35.747283 844.871302
28.426282 850.967597
21.000000 849.000000
