21.000000 -1280.000000
32.152512 -1277.951338
43.251818 -1274.805811
54.375609 -1274.563089
65.706255 -1280.219649
76.832816 -1278.781724
87.937688 -1277.247175
99.020034 -1275.616272
110.776582 -1283.864933
121.506102 -1277.051105
132.559351 -1275.129214
144.353483 -1281.074907
155.737189 -1281.938723
167.032146 -1281.707694
177.967714 -1278.399443
189.248262 -1277.972426
201.368339 -1283.387417
212.560997 -1281.764559
223.895501 -1281.031778
234.901697 -1278.226140
245.874390 -1275.326040
256.812770 -1272.331850
268.860885 -1275.133711
281.573890 -1280.761589
294.611785 -1287.242243
304.752334 -1279.924065
316.585685 -1280.322265
329.381326 -1284.500665
340.820746 -1282.730950
352.002365 -1279.891181
364.194054 -1280.817646
377.495994 -1285.483025
389.527145 -1285.206887
400.728516 -1281.941986
411.608598 -1277.623154
423.344360 -1276.073280
438.481959 -1284.877354
449.361286 -1280.236935
464.749395 -1288.741819
476.980170 -1287.648277
486.147395 -1277.981964
501.834734 -1286.050916
513.397563 -1282.739506
527.138194 -1284.906661
540.953952 -1286.931190
553.312654 -1285.116430
568.414311 -1289.627300
583.236187 -1293.054705
593.278457 -1285.358459
608.205632 -1288.505160
623.231023 -1291.488597
634.047802 -1285.281445
649.185853 -1287.971868
663.524851 -1288.705481
679.286225 -1291.959460
690.997238 -1287.052719
705.020067 -1286.454643
721.469060 -1290.103521
734.154951 -1286.565589
749.786869 -1288.126430
749.500000 -1261.799013
750.840166 -1239.022733
755.444295 -1222.320571
767.127950 -1217.570155
767.656243 -1194.899767
770.532954 -1176.531067
782.950010 -1173.300125
797.575338 -1173.277352
810.580380 -1170.601052
839.457012 -1190.862343
854.980138 -1191.047072
870.568424 -1191.051003
886.219891 -1190.873016
900.742902 -1188.904297
921.315275 -1194.758723
936.577189 -1193.203424
953.111474 -1193.048281
967.844762 -1190.347007
984.489519 -1189.810467
1005.013007 -1193.703231
1021.177521 -1191.965153
1042.581780 -1196.118584
1058.229325 -1193.195846
1080.529457 -1197.580198
1096.292884 -1194.233735
1112.078185 -1190.702899
1134.021324 -1193.569241
1156.096695 -1196.142338
1176.911528 -1196.981428
1198.527564 -1198.260755
1213.889140 -1192.889140
1242.084769 -1199.956660
1258.264457 -1194.812397
1286.052903 -1200.490380
1307.451161 -1199.635115
1330.404550 -1199.848209
1351.972382 -1198.412916
1374.362987 -1197.354427
1402.118532 -1200.588023
1424.709412 -1198.881097
1447.374753 -1196.870529
1475.512340 -1199.007445
1503.794494 -1200.743306
1532.998959 -1202.698278
1556.044948 -1199.308554
1592.632967 -1205.956391
1622.264198 -1206.639121
1652.829427 -1207.490257
1684.338940 -1208.486479
1715.988509 -1209.023554
1746.134205 -1207.951975
1777.212908 -1207.011691
1815.037307 -1210.093443
1854.714923 -1213.709431
1892.912708 -1215.634326
1923.691102 -1212.147916
1962.182092 -1212.985196
2003.388382 -1214.809163
2043.914830 -1215.489857
2082.016952 -1214.031764
2130.637884 -1218.000000
2177.741415 -1220.225582
2217.170085 -1217.356956
2263.741272 -1217.709156
2317.546689 -1221.095535
2362.708600 -1219.016339
2420.480570 -1222.596416
2478.489757 -1225.259195
2538.522124 -1227.877582
2600.588743 -1230.400715
2662.887199 -1231.932233
2733.594548 -1236.200556
2803.659464 -1238.919815
2873.056831 -1240.109604
2945.443919 -1241.352795
3025.456240 -1244.486522
3096.468846 -1242.570070
3183.489314 -1245.737670
3272.660625 -1248.195568
3323.706139 -1234.831226
3719.630155 -1346.191284
3830.214266 -1348.913518
3945.847607 -1351.433409
4071.290331 -1355.208188
4202.795502 -1358.747724
4342.291504 -1362.497978
4355.929459 -1325.320938
4372.123957 -1288.861634
4434.152446 -1265.451101
4624.262675 -1276.597723
4801.366914 -1280.895454
5000.183314 -1287.704361
5193.646517 -1289.685625
5418.625428 -1295.855215
979.780144 -221.351837
964.101943 -209.080667
959.043549 -199.387311
953.888319 -189.798274
959.435587 -182.413400
960.008437 -174.034927
954.597750 -164.618472
957.971321 -156.795226
958.316235 -148.456307
960.565070 -140.418941
960.764397 -132.075273
966.838398 -124.521987
961.933752 -115.532138
978.803269 -109.127898
983.697195 -101.183552
996.488274 -93.928837
1021.179477 -87.504366
32686.990274 -2570.869190
32708.181235 -2285.710375
32726.882940 -2000.377495
32739.099447 -1714.682934
32748.820691 -1428.927511
32760.044102 -1143.272612
32768.774309 -857.530650
32775.010646 -571.723382
32778.752638 -285.872576
32780.000000 0.000000
32782.752485 285.907483
32783.009427 571.863002
17803.904154 465.661733
14220.344870 495.852049
32756.813077 1429.276466
1031.613089 52.963988
1008.155316 60.377006
999.610333 68.431101
995.985152 76.732996
987.308857 84.541070
981.557331 92.491151
976.735541 100.451853
975.822553 108.788288
976.821944 117.360178
975.761402 125.696723
971.657346 133.606177
977.378340 142.931701
979.057690 151.741431
989.532461 162.076749
993.005252 171.390751
1008.187927 182.964468
3922.968054 758.465757
3780.971092 764.974764
3643.080566 769.896991
3516.139705 774.853818
3386.474204 776.980942
3277.466863 781.808524
3197.748208 792.052286
3178.129455 816.489193
3155.429306 839.867801
3048.726884 839.662978
2961.499528 843.174671
2868.694613 843.525574
2785.677049 845.246598
2706.666933 846.787531
2622.139572 845.161480
2542.592599 843.713081
2378.177809 811.641409
2309.733540 810.483054
2262.166901 815.718042
2199.699512 814.582369
2143.961890 814.928717
2094.900759 816.931234
2046.896722 818.515407
1989.787284 815.498394
1945.775649 817.018790
1902.807273 818.233089
1863.621188 820.387809
1818.173510 819.019154
1781.956030 821.147283
1746.743064 823.137217
1708.036425 822.822643
1665.889357 820.111580
1637.285835 823.538767
1600.766294 822.374280
1573.221868 825.331007
1544.868873 827.393290
1509.602742 825.145974
1481.456858 826.286734
1451.673967 826.000000
1428.902048 829.317685
1397.610685 827.151148
1376.697861 830.772718
1347.347222 828.793729
1326.569958 831.739794
1298.295275 829.485250
1276.832048 831.217100
1256.265983 833.197426
1234.937876 834.316387
1214.504529 835.700868
1194.140462 836.792959
1173.849217 837.593985
1149.615032 835.131193
1133.499265 838.328327
1112.654196 837.655726
1092.694625 837.299606
1072.042755 836.037157
1052.272691 835.108159
1031.828204 833.262469
1013.793598 833.052742
1000.402884 836.489086
986.273553 839.099498
967.680031 837.551741
948.444742 835.074997
935.961175 838.407448
918.370992 836.811988
904.505984 838.415873
892.120498 841.231287
873.334287 837.586571
855.386002 834.386002
841.063839 834.503026
833.750293 841.627566
821.556372 843.610393
808.026108 843.982172
785.768115 834.597945
773.102802 835.294784
766.447554 842.575186
748.569463 836.972924
736.042301 837.206968
722.924070 836.520532
715.597417 842.614045
703.812624 843.203368
687.090661 837.390728
674.216825 836.079410
667.504638 842.541247
655.313034 841.761828
643.184635 840.834276
631.121092 839.759640
619.704747 839.353099
607.195118 837.173389
599.867174 842.256965
584.666447 835.669873
577.352481 840.556909
560.737284 831.122533
554.001211 836.644314
544.560233 837.871519
532.526095 834.734721
520.586933 831.452282
514.834827 838.365173
507.500000 842.642718
494.711465 837.282179
487.871664 842.258778
477.640934 841.027977
466.528513 837.917266
459.661183 842.660292
449.113041 840.219152
441.764538 843.923103
434.383991 847.562786
423.527876 843.917241
415.725456 846.491473
405.420636 843.534098
395.197712 840.461821
387.849143 843.695268
380.081907 845.943960
373.068758 849.969170
363.390426 847.446043
355.249119 848.540822
345.322994 844.890286
338.287887 848.625003
328.134089 843.843973
320.758560 846.492059
310.430089 840.566014
303.401144 844.008053
295.716108 845.489243
285.921809 840.224634
279.164215 844.417100
269.229411 838.008448
261.907049 840.142722
255.100817 844.140277
246.172569 840.355469
239.080984 843.256595
231.472049 844.157282
222.229904 838.182871
215.132760 840.881366
208.436706 845.472342
200.219877 843.163232
192.655792 843.715171
186.431399 851.070768
177.904787 846.582475
169.121896 840.041013
161.950655 842.287904
154.751468 844.473531
147.524856 846.597579
140.132174 847.669467
132.991473 850.659691
125.076419 847.634414
117.788748 849.503937
109.640137 843.354567
102.756427 849.072957
95.343849 849.754077
87.768690 848.376651
80.432516 849.924571
73.013356 850.410848
65.223883 843.841957
57.989240 847.192892
50.490075 844.485249
43.198052 847.709412
35.817093 848.870693
28.417555 849.967635
21.000000 849.000000
