21.000000 -1280.000000
32.073974 -1268.951680
43.251818 -1274.805811
54.375609 -1274.563089
65.706255 -1280.219649
76.789196 -1277.782675
88.042360 -1279.244434
98.897936 -1273.620003
110.218530 -1275.884420
121.427643 -1276.054187
132.646506 -1276.125408
144.257638 -1280.079511
155.841718 -1282.933245
166.918943 -1280.714122
177.967714 -1278.399443
189.248262 -1277.972426
201.089993 -1281.406881
212.117569 -1278.797511
223.739067 -1280.044089
234.571602 -1276.253568
245.700742 -1274.341232
257.906183 -1278.231380
268.479267 -1273.170457
280.577051 -1275.861965
292.324757 -1276.482619
304.103015 -1276.995177
315.910832 -1277.399155
326.813427 -1273.804596
340.336902 -1280.790359
351.501605 -1277.954885
363.935235 -1279.851720
374.823610 -1275.846720
388.975870 -1283.284364
400.160485 -1280.024346
410.731482 -1274.754240
422.742948 -1274.165846
437.245891 -1281.073127
447.774763 -1275.495316
461.493713 -1279.286633
473.308294 -1277.279220
486.147395 -1277.981964
501.484527 -1285.114244
512.680827 -1280.872345
526.771693 -1283.976244
537.582492 -1278.586535
552.929971 -1284.192550
564.507000 -1280.422251
579.248696 -1283.884104
592.871720 -1284.444913
604.888086 -1281.225469
619.004840 -1282.425519
632.756269 -1282.573689
648.747482 -1287.073074
662.632455 -1286.915612
674.746320 -1283.049395
690.073741 -1285.278697
704.081124 -1284.688748
720.037584 -1287.467070
733.185332 -1284.816350
748.802022 -1286.385719
752.000000 -1266.129140
751.855243 -1240.745991
753.899181 -1219.749069
765.560455 -1215.012234
768.716082 -1196.595864
769.458354 -1174.844284
776.958981 -1164.074748
792.055968 -1164.938493
809.461994 -1168.942977
838.324200 -1189.214090
854.406562 -1190.227920
868.826315 -1188.608657
885.044321 -1189.254982
899.553256 -1187.296583
914.695309 -1185.973732
935.359666 -1191.616717
951.264489 -1190.684249
967.222248 -1189.564398
988.265441 -1194.473343
998.652225 -1185.986985
1019.891945 -1190.433065
1041.282884 -1194.597772
1057.573266 -1192.441137
1078.541597 -1195.333330
1094.954623 -1192.747445
1111.402595 -1189.965622
1133.339325 -1192.837887
1154.719986 -1194.691589
1170.659603 -1190.507370
1191.518471 -1191.128250
1213.889140 -1192.889140
1235.665515 -1193.648477
1258.264457 -1194.812397
1280.249908 -1194.983543
1308.182515 -1200.317114
1330.404550 -1199.848209
1352.715527 -1199.082047
1380.354633 -1202.655388
1403.627951 -1201.900141
1425.469818 -1199.530545
1448.906842 -1198.156104
1482.456961 -1204.732149
1505.348786 -1202.001947
1534.564175 -1203.943307
1563.925056 -1205.465169
1593.426320 -1206.565152
1617.472385 -1203.028231
1648.006286 -1203.921320
1680.293855 -1205.547552
1718.430856 -1210.765663
1742.857597 -1205.657669
1778.861160 -1208.144503
1816.695382 -1211.211829
1848.877722 -1209.845872
1887.880684 -1212.366492
1926.221276 -1213.759815
1963.878188 -1214.045034
2005.946303 -1216.376659
2045.629164 -1216.519933
2085.463468 -1216.061918
2124.575706 -1214.500000
2173.389636 -1217.763464
2220.668563 -1219.296195
2260.226003 -1215.800521
2314.897846 -1219.687120
2368.030665 -1221.786831
2417.807550 -1221.234444
2482.964429 -1227.490184
2535.825742 -1226.562469
2596.978402 -1228.678670
2668.325046 -1234.467943
2729.044742 -1234.127090
2799.091737 -1236.886132
2870.305651 -1238.913357
2950.046444 -1243.306451
3021.760722 -1242.955788
3101.104765 -1244.443103
3189.071819 -1247.936677
3278.262108 -1250.345776
3334.009533 -1238.683508
3733.725545 -1351.321586
3827.386341 -1347.912098
3952.466237 -1353.712386
4072.238655 -1355.525492
4202.795502 -1358.747724
4340.384070 -1361.896566
4359.754678 -1326.490424
4373.082777 -1289.145650
4439.920016 -1267.104925
4626.189936 -1277.132199
4801.366914 -1280.895454
5005.992200 -1289.206641
5201.408883 -1291.621001
5424.459648 -1297.255887
5661.628305 -1302.241654
5913.922699 -1306.429510
6198.002099 -1312.962328
6513.001168 -1320.812566
6855.088451 -1328.412226
7254.806355 -1340.706761
7703.485281 -1354.629434
8039.501940 -1341.837036
8586.233290 -1356.599681
9189.177053 -1370.193241
1998.565333 -277.928683
1990.009495 -259.225018
1978.301011 -240.326345
1971.381553 -222.217909
1982.197178 -206.130130
1982.925907 -188.911978
1988.484529 -172.132592
2011.843915 -156.682814
2050.045278 -141.884668
32726.882940 -2000.377495
32739.099447 -1714.682934
32748.820691 -1428.927511
32760.044102 -1143.272612
32768.774309 -857.530650
32775.010646 -571.723382
32778.752638 -285.872576
2042.000000 0.000000
2009.924265 17.357079
1993.699503 34.433598
1989.325273 51.542411
1989.799929 68.752009
1995.119286 86.191909
2005.276886 103.991545
2039.228562 123.440147
8997.081324 627.668751
8304.386126 651.916626
7671.775281 669.356104
7072.386669 678.971311
6659.433652 697.727492
6211.946233 705.369225
5827.394987 712.935659
5516.578867 723.506683
5225.848969 731.493819
4959.156206 738.012390
4722.396501 744.628054
4499.722917 749.481178
4283.247955 751.549313
4115.273435 758.828728
3937.692462 761.327892
3785.870715 765.971604
3646.993156 770.728638
3525.902666 777.018214
3382.576724 776.081137
3281.356343 782.742305
3193.867025 791.084599
3182.970193 817.741093
3159.293010 840.903078
3053.545036 840.999170
2967.267098 844.828496
2873.488711 844.945650
2790.458573 846.708457
2703.805782 845.885414
2627.845911 847.015582
2542.592599 843.713081
2384.796439 813.920386
2313.504106 811.818282
2257.468437 814.007941
2204.382873 816.333406
2147.696212 816.362189
2098.622429 818.397239
2045.042355 817.766193
1994.406681 817.411812
1948.537163 818.190983
1905.558453 819.429337
1859.967006 818.760863
1821.813355 820.677927
1786.487569 823.260374
1745.840478 822.706706
1707.137631 822.384271
1669.469094 821.896372
1633.721809 821.722805
1605.201348 824.683023
1577.636606 827.678365
1542.232422 825.961814
1514.850460 828.054831
1485.808636 828.748852
1454.272043 827.500000
1425.455532 827.287532
1402.753689 830.241377
1380.961062 833.385211
1351.587463 831.443326
1329.943524 833.888992
1301.649957 831.663806
1280.167591 833.424848
1259.582133 835.434198
1231.641371 832.050762
1217.781137 837.995174
1190.069884 833.889444
1175.467251 838.769555
1151.222746 836.320838
1135.895172 840.133772
1115.034256 839.482011
1096.634679 840.377914
1074.390579 837.904701
1054.604129 836.996120
1034.914703 835.806781
1022.986132 840.766193
1002.684102 838.437430
983.254715 836.475262
969.926898 839.539601
951.417321 837.751519
938.173007 840.434218
921.296407 839.539981
907.407481 841.169291
888.523799 837.757995
876.187289 840.390208
863.871283 842.871283
849.474750 843.062031
835.834269 843.785586
823.621435 845.786517
803.934117 839.594049
793.199607 842.707996
780.463238 843.469377
762.471834 838.081452
751.193699 839.991763
737.990645 839.488186
725.495220 839.584710
713.053104 839.527547
701.295343 840.094784
688.958205 839.738552
676.679471 839.231453
664.460830 838.574481
657.118479 844.157734
644.374281 842.441990
633.472233 842.995708
621.446856 841.795446
608.915847 839.630845
597.035143 838.136334
585.784833 837.327948
573.488922 834.719708
566.728313 840.347909
554.001211 836.644314
545.090152 838.719567
534.093591 837.292641
524.707237 838.309620
515.342366 839.226802
503.500000 835.714515
494.711465 837.282179
489.810903 845.757257
477.640934 841.027977
467.467456 839.683161
460.584680 844.434313
448.659051 839.328146
441.318340 843.028169
430.877022 840.372433
423.527876 843.917241
416.148075 847.397781
405.005943 842.624137
398.044868 846.856639
387.849143 843.695268
380.472638 846.864465
370.007290 842.578134
363.015820 846.518859
352.317109 841.097481
345.322994 844.890286
337.937680 847.688331
328.134089 843.843973
317.420491 837.065644
310.104521 839.620495
300.228098 834.524817
292.934955 836.929734
285.921809 840.224634
278.871844 843.460795
269.229411 838.008448
261.907049 840.142722
252.161195 833.540342
245.396112 837.457691
238.329844 840.352152
231.472049 844.157282
223.163685 842.072351
216.482466 846.727586
205.839430 833.756790
199.804054 841.206937
192.057688 840.775397
184.523309 841.254496
178.451494 849.532240
168.774599 838.071398
161.785608 841.301618
154.751468 844.473531
147.377047 845.608563
138.879617 838.757054
131.816737 841.736687
124.832681 845.649321
117.788748 849.503937
109.431080 841.365523
102.468890 846.086769
95.692472 853.738856
87.768690 848.376651
80.432516 849.924571
72.586016 843.423905
65.380891 846.837845
58.076479 849.190988
50.664572 849.482203
43.224229 848.709069
35.851998 850.870389
28.391376 846.967749
21.000000 852.000000
