21.000000 -1271.000000
32.161239 -1278.951300
43.251818 -1274.805811
54.401786 -1275.562747
65.741155 -1281.219040
76.876435 -1279.780772
88.042360 -1279.244434
99.081082 -1276.614407
110.776582 -1283.864933
121.584561 -1278.048022
132.646506 -1276.125408
143.586717 -1273.111738
154.900961 -1273.982548
167.032146 -1281.707694
177.967714 -1278.399443
189.639840 -1280.946761
200.533300 -1277.445809
213.004425 -1284.731607
224.051936 -1282.019466
235.066745 -1279.212425
246.221686 -1277.295656
258.635125 -1282.164399
269.051694 -1276.115338
281.374522 -1279.781664
292.948492 -1279.417062
304.968773 -1280.900361
317.035588 -1282.271005
327.747208 -1277.694075
341.062668 -1283.701246
352.503125 -1281.827476
364.711692 -1282.749497
378.297709 -1288.373916
390.078419 -1287.129411
399.024424 -1276.189067
412.485713 -1280.492068
424.246477 -1278.934431
438.790976 -1285.828410
449.361286 -1280.236935
462.470417 -1282.123189
474.643522 -1281.049786
487.515475 -1281.740735
502.885357 -1288.860932
514.114299 -1284.606667
528.237698 -1287.697914
539.080919 -1282.295271
554.460705 -1287.888068
566.460655 -1285.024775
584.033685 -1294.888825
594.091930 -1287.185550
609.449711 -1291.235043
620.695313 -1286.050750
634.908824 -1287.086615
650.062596 -1289.769456
664.417247 -1290.495349
676.562282 -1286.613421
696.076473 -1296.809838
705.959010 -1288.220538
722.900536 -1292.739973
735.124571 -1288.314829
751.264140 -1290.737497
749.500000 -1261.799013
750.332628 -1238.161104
756.474371 -1224.034905
768.695446 -1220.128075
767.656243 -1194.899767
767.846456 -1172.314110
784.039288 -1174.977466
794.815653 -1169.107923
812.257958 -1173.088165
841.722637 -1194.158847
857.274444 -1194.323681
872.310533 -1193.493350
887.395462 -1192.491050
903.122193 -1192.119724
923.120720 -1197.154630
939.012235 -1196.376837
954.342797 -1194.624302
970.334821 -1193.477439
986.377480 -1192.141905
1001.832616 -1189.845108
1023.105884 -1194.263287
1038.685092 -1191.556148
1060.197502 -1195.459975
1076.553737 -1193.086463
1098.300276 -1196.463169
1120.860858 -1200.287504
1136.067319 -1195.763302
1158.161759 -1198.318461
1174.132895 -1194.104069
1195.023018 -1194.694502
1217.424674 -1196.424674
1239.231767 -1197.153023
1261.141816 -1197.591031
1283.151406 -1197.736962
1305.988454 -1198.271119
1333.353660 -1202.550570
1355.688107 -1201.758569
1384.099412 -1205.968488
1405.892080 -1203.868318
1428.511442 -1202.128337
1451.204975 -1200.084467
1479.370463 -1202.187836
1507.680224 -1203.889908
1530.651135 -1200.830734
1559.196991 -1201.771200
1595.806380 -1208.391437
1619.069656 -1204.231861
1649.614000 -1205.110966
1687.575008 -1210.837620
1720.059087 -1211.927069
1751.049118 -1211.393434
1780.509413 -1209.277316
1811.721157 -1207.856671
1850.545494 -1210.949746
1888.719355 -1212.911131
1921.160927 -1210.536018
1966.422333 -1215.634792
2007.651583 -1217.421656
2046.486332 -1217.034971
2087.186727 -1217.076994
2125.441731 -1215.000000
2175.130347 -1218.748311
2221.543183 -1219.781005
2267.256540 -1219.617791
2314.014899 -1219.217649
2366.256643 -1220.863333
2418.698557 -1221.688435
2474.015085 -1223.028206
2534.926947 -1226.124098
2603.296499 -1231.692248
2666.512430 -1233.622706
2727.224820 -1233.297704
2789.956282 -1232.818765
2868.471531 -1238.115859
2939.920890 -1239.008408
3019.912963 -1242.190421
3100.177581 -1244.068497
3186.280566 -1246.837173
3275.461367 -1249.270672
3319.959451 -1233.430397
3722.449233 -1347.217345
3826.443700 -1347.578291
3941.120014 -1349.805568
4070.342008 -1354.890883
4193.284937 -1355.657554
4339.430353 -1361.595860
4356.885764 -1325.613309
4372.123957 -1288.861634
4424.539829 -1262.694727
4625.226305 -1276.864961
4794.605434 -1279.083721
4995.342576 -1286.452461
5191.705925 -1289.201782
5416.680688 -1295.388324
5661.628305 -1302.241654
5905.136035 -1304.481553
6192.133213 -1311.714857
6506.141695 -1319.416990
6857.051706 -1328.793844
7244.973806 -1338.884406
7689.697973 -1352.198359
8030.625370 -1340.351607
8593.147108 -1357.694722
9188.188038 -1370.045432
10015.775618 -1404.674108
10835.680548 -1423.779705
11826.343928 -1449.513970
12840.064082 -1460.547864
13912.481835 -1460.053575
4056.336188 -388.558681
3997.809235 -347.925725
3985.740236 -312.031824
3995.295176 -277.909791
4035.498159 -245.537226
32743.093965 -1714.892278
32748.820691 -1428.927511
32760.044102 -1143.272612
4061.614908 -105.807225
4024.390171 -69.879435
4018.847768 -34.888689
4038.000000 0.000000
4061.846131 35.263930
32783.009427 571.863002
17795.906895 465.452318
14201.356445 495.188959
32752.816884 1429.101988
11025.897473 576.742238
10468.476935 638.995063
9023.017990 629.482419
8306.379961 652.073545
7666.794308 668.920326
7098.266970 681.463300
6659.433652 697.727492
6206.978373 704.803209
5822.432256 712.326312
5524.510425 724.550893
5219.907361 730.658780
4953.222111 737.125533
4716.470371 743.689447
4495.777774 748.820988
4284.232763 751.722961
4100.524611 756.095195
3929.839444 759.801420
3771.171845 762.981085
3643.080566 769.896991
3514.187113 774.420939
3387.448574 777.205893
3271.632644 780.407851
3191.926433 790.600755
3183.938341 817.991473
3158.327084 840.644258
3057.399558 842.068123
2963.422051 843.725946
2869.653432 843.809589
2787.589659 845.831342
2699.990915 844.682591
2626.894855 846.706565
2538.799305 842.443863
2382.905402 813.269250
2311.618823 811.150668
2254.649360 812.981881
2199.699512 814.582369
2143.961890 814.928717
2088.387836 814.365726
2041.333619 816.267767
1990.711163 815.881078
1945.775649 817.018790
1901.890213 817.834340
1862.707643 819.981072
1809.983859 815.286915
1776.518183 818.611573
1742.230137 820.984662
1701.744867 819.754044
1666.784291 820.557778
1630.157783 819.906843
1601.653305 822.836029
1573.221868 825.331007
1538.717154 824.053179
1509.602742 825.145974
1475.364368 822.839769
1450.807942 825.500000
1428.902048 829.317685
1398.467852 827.666186
1369.024100 826.070231
1347.347222 828.793729
1326.569958 831.739794
1297.456604 828.940611
1276.832048 831.217100
1255.436946 832.638233
1234.113750 833.749981
1213.685376 835.127291
1193.326346 836.212256
1167.377081 832.891702
1149.615032 835.131193
1132.700630 837.726512
1113.447550 838.264488
1092.694625 837.299606
1072.825363 836.659672
1052.272691 835.108159
1032.599829 833.898547
1013.027554 832.409955
992.798824 829.994606
980.235876 833.851026
960.190474 830.925540
948.444742 835.074997
936.698452 839.083038
918.370992 836.811988
904.505984 838.415873
885.646440 834.979361
878.327040 842.492936
864.578390 843.578390
846.671113 840.209029
828.193026 835.872848
816.049535 837.807399
808.708106 844.713525
791.172837 840.496164
778.455846 841.239942
766.447554 842.575186
748.569463 836.972924
737.341197 838.727780
724.852433 838.818665
706.692321 831.811301
700.036702 838.540492
687.090661 837.390728
674.832487 836.867420
662.634546 836.194421
655.914849 842.560463
643.779458 841.638133
632.296662 841.377674
620.866153 840.981330
607.768694 837.992541
596.468737 837.312208
585.784833 837.327948
574.040859 835.553594
566.728313 840.347909
556.150410 840.017880
545.620072 839.567615
534.616089 838.145282
526.252351 840.881122
515.849904 840.088431
504.500000 837.446565
496.188735 839.893247
487.871664 842.258778
479.072410 843.664428
468.406399 841.449056
461.508177 846.208335
450.475013 842.892172
443.103131 846.607906
431.315393 841.271227
424.388898 845.722411
417.415930 850.116704
406.250022 845.354021
399.265078 849.597276
392.235383 853.782929
381.644832 849.625980
374.216808 852.740809
364.139640 849.300411
356.348622 851.332075
346.039730 846.757447
339.338510 851.435020
329.160149 846.663051
321.759980 849.319983
311.406794 843.402569
304.035754 845.904700
294.171023 840.733960
287.124633 844.039501
277.702357 839.635576
270.365473 841.843727
263.009598 843.987769
255.902533 847.031168
246.949026 843.253246
241.084024 851.001776
232.197815 847.068169
222.696794 840.127611
216.932368 848.676326
207.138068 839.614566
200.843613 846.097675
194.848839 854.494342
185.477354 846.162632
178.451494 849.532240
169.642840 842.995437
162.610846 846.233046
155.220771 847.436596
147.968284 849.564627
139.575482 843.708395
132.338842 845.702467
125.442027 850.612052
118.128357 852.484652
109.849194 845.343611
102.756427 849.072957
95.256693 848.757883
87.847150 849.373568
80.362759 848.927007
72.586016 843.423905
65.380891 846.837845
57.771144 842.197651
50.629673 848.482812
43.485999 858.705642
35.869450 851.870236
28.461188 854.967444
21.000000 852.000000
