21.000000 -1276.000000
32.117606 -1273.951490
43.339080 -1279.805050
54.532671 -1280.561033
65.636456 -1278.220868
76.701958 -1275.784579
87.885352 -1276.248545
99.325276 -1280.606946
110.567312 -1280.872241
121.270724 -1274.060353
133.082285 -1281.106382
143.970100 -1277.093323
155.319075 -1277.960636
166.579333 -1277.733406
178.455192 -1282.369628
190.031419 -1283.921095
201.089993 -1281.406881
212.265378 -1279.786527
223.895501 -1281.031778
234.736650 -1277.239854
247.089927 -1282.219694
258.088419 -1279.214635
269.814930 -1280.041847
281.374522 -1279.781664
292.740580 -1278.438914
305.834532 -1284.805545
317.935392 -1286.168486
328.914435 -1282.555925
340.336902 -1280.790359
351.751985 -1278.923033
363.676416 -1278.885794
376.961517 -1283.555764
389.251507 -1284.245626
402.716623 -1288.653724
413.362828 -1283.360983
425.449300 -1282.749299
437.554908 -1282.024184
451.265114 -1285.926876
464.423826 -1287.796300
476.646363 -1286.705635
489.225576 -1286.439198
504.286186 -1292.607621
515.906138 -1289.274569
527.138194 -1284.906661
540.579345 -1286.004006
552.547288 -1283.268671
568.023580 -1288.706795
579.647446 -1284.801164
595.312140 -1289.926186
607.376245 -1286.685237
622.385786 -1289.675981
636.630868 -1290.696957
648.309111 -1286.174280
663.078653 -1287.810546
678.832234 -1291.068454
690.535489 -1286.165708
704.081124 -1284.688748
720.991901 -1289.224704
733.670142 -1285.690969
749.786869 -1288.126430
755.500000 -1272.191318
752.870319 -1242.469249
753.899181 -1219.749069
766.605452 -1216.717515
768.716082 -1196.595864
770.532954 -1176.531067
781.860732 -1171.622783
797.023401 -1172.443466
810.021187 -1169.772015
839.457012 -1190.862343
854.980138 -1191.047072
869.987721 -1190.236888
886.219891 -1190.873016
901.337724 -1189.708154
916.500754 -1188.369639
936.577189 -1193.203424
952.495812 -1192.260270
973.447394 -1197.390480
983.860198 -1189.033321
1004.376929 -1192.931606
1020.534733 -1191.199109
1042.581780 -1196.118584
1063.477797 -1199.233523
1079.204217 -1196.082286
1095.623754 -1193.490590
1116.131727 -1195.126563
1138.113314 -1197.957363
1154.031632 -1193.966215
1175.522212 -1195.542748
1203.433929 -1203.253508
1219.545994 -1198.545994
1239.945018 -1197.853933
1261.861156 -1198.285689
1284.602154 -1199.113671
1305.988454 -1198.271119
1327.455441 -1197.145848
1354.944962 -1201.089438
1377.358810 -1200.004907
1405.137370 -1203.212259
1427.751036 -1201.478889
1456.567286 -1204.583981
1486.315084 -1207.912540
1508.457370 -1204.519228
1531.433743 -1201.453249
1562.349034 -1204.233846
1591.839614 -1205.347629
1622.264198 -1206.639121
1652.829427 -1207.490257
1684.338940 -1208.486479
1720.059087 -1211.927069
1751.868270 -1211.967010
1781.333539 -1209.843722
1812.550194 -1208.415864
1859.718238 -1217.021053
1892.074037 -1215.089687
1930.438233 -1216.446313
1968.966477 -1217.224550
2003.388382 -1214.809163
2043.914830 -1215.489857
2088.909985 -1218.092071
2128.905833 -1217.000000
2176.871059 -1219.733158
2222.417803 -1220.265814
2269.014174 -1220.572109
2321.961427 -1223.442893
2374.239740 -1225.019071
2423.153589 -1223.958387
2482.069494 -1227.043986
2544.813682 -1230.946180
2607.809425 -1233.844803
2667.418738 -1234.045324
2736.324432 -1237.444636
2805.486555 -1239.733288
2878.559192 -1242.502099
2950.966949 -1243.697182
3028.227878 -1245.634572
3097.396029 -1242.944677
3190.932654 -1248.669679
3279.195688 -1250.704144
3338.692894 -1240.434544
3718.690463 -1345.849264
3828.328983 -1348.245904
3942.065533 -1350.131137
4073.186979 -1355.842797
4203.746559 -1359.056741
4342.291504 -1362.497978
4362.623592 -1327.367539
4376.918056 -1290.281711
4440.881278 -1267.380562
4636.789871 -1280.071821
4803.298766 -1281.413092
4999.215167 -1287.453981
5205.290065 -1292.588688
5417.653058 -1295.621769
5670.397636 -1304.266213
5917.827883 -1307.295268
6203.870984 -1314.209798
6519.860641 -1322.208141
6866.867977 -1330.701934
7258.739375 -1341.435703
7703.485281 -1354.629434
8042.460797 -1342.332178
8596.110173 -1358.164025
9204.012291 -1372.410382
10021.717226 -1405.509147
10846.586441 -1425.215493
11843.217212 -1451.585749
12869.871238 -1463.943960
13915.465400 -1460.367160
15840.831781 -1523.276545
32663.311672 -2855.832223
32686.990274 -2570.869190
32708.181235 -2285.710375
32726.882940 -2000.377495
32739.099447 -1714.682934
32748.820691 -1428.927511
32760.044102 -1143.272612
32768.774309 -857.530650
32775.010646 -571.723382
32778.752638 -285.872576
32780.000000 0.000000
32782.752485 285.907483
32783.009427 571.863002
17808.902441 465.792618
14134.397259 492.850692
32752.816884 1429.101988
11022.901584 576.585230
10469.475070 639.056112
8989.100812 627.110699
8309.370713 652.308922
7665.798113 668.833170
7085.326820 680.217306
6663.411739 698.145606
6219.894808 706.274851
5822.432256 712.326312
5536.407764 726.117207
5214.956021 729.962915
4947.288015 736.238677
4711.531929 742.907274
4495.777774 748.820988
4290.141609 752.764850
4109.373906 757.735315
3933.765953 760.564656
3787.830565 766.370340
3635.255385 768.233698
3519.068594 775.503137
3389.397314 777.655795
3277.466863 781.808524
3182.223476 788.181536
3192.651670 820.244893
3165.088565 842.455992
3051.617775 840.464693
2963.422051 843.725946
2869.653432 843.809589
2788.545964 846.123713
2702.852066 845.584708
2626.894855 846.706565
2545.437570 844.664995
2380.068846 812.292545
2310.676182 810.816861
2257.468437 814.007941
2203.446201 815.983198
2146.762631 816.003821
2102.344100 819.863244
2044.115171 817.391587
1992.558922 816.646445
1947.616658 817.800252
1902.807273 818.233089
1865.448279 821.201282
1823.633278 821.507314
1782.862338 821.569901
1746.743064 823.137217
1704.441249 821.069158
1676.628569 825.465954
1639.067848 824.446748
1605.201348 824.683023
1568.807130 822.983650
1540.474788 825.007496
1513.975840 827.570022
1482.327213 826.779157
1459.468196 830.500000
1430.625306 830.332762
1404.468023 831.271453
1374.992581 829.727721
1348.195270 829.323649
1326.569958 831.739794
1305.843310 834.387002
1278.499820 832.320974
1257.095021 833.756619
1236.586128 835.449199
1216.142833 836.848021
1188.441653 832.728038
1175.467251 838.769555
1152.830460 837.510484
1135.096537 839.531957
1115.034256 839.482011
1093.482636 837.915268
1074.390579 837.904701
1061.598442 842.660004
1040.316075 840.259329
1020.687998 838.837831
1001.923696 837.787982
988.537682 841.067675
969.177943 838.876981
957.362480 843.104564
938.173007 840.434218
920.565053 838.857983
906.682107 840.480937
894.278518 843.315262
881.180042 845.296573
865.285497 844.285497
850.876569 844.488532
837.223585 845.224265
824.998144 847.237265
810.072103 846.176233
795.226378 844.919828
781.132369 844.212522
763.134454 838.830407
751.193699 839.991763
743.835678 846.331840
725.495220 839.584710
713.689182 840.299171
701.295343 840.094784
688.958205 839.738552
681.604763 845.535539
669.330922 844.921307
657.118479 844.157734
644.374281 842.441990
632.296662 841.377674
624.931074 846.680139
612.930882 845.364910
600.999987 843.905217
585.225640 836.498911
577.904418 841.390794
566.183674 839.509239
554.538511 837.487706
544.560233 837.871519
537.751081 843.261123
524.707237 838.309620
518.387596 844.396577
507.500000 842.642718
498.158430 843.374669
488.841284 844.008017
478.118092 841.906794
467.467456 839.683161
459.661183 842.660292
452.290975 846.456198
444.887922 850.187644
430.438651 839.473639
423.527876 843.917241
412.767129 840.147319
405.835329 844.444059
398.451605 847.770185
387.849143 843.695268
380.472638 846.864465
373.068758 849.969170
363.015820 846.518859
352.317109 841.097481
345.322994 844.890286
337.937680 847.688331
328.134089 843.843973
320.758560 846.492059
310.430089 840.566014
303.401144 844.008053
293.552989 838.831847
286.523221 842.132068
279.164215 844.417100
269.513427 838.967268
262.182686 841.103984
255.100817 844.140277
246.431388 841.321395
240.583264 849.065481
231.955893 846.097873
222.229904 838.182871
216.482466 846.727586
208.436706 845.472342
200.427789 844.141379
192.655792 843.715171
186.622208 852.052395
178.633730 850.515495
170.858377 849.889091
162.280751 844.260475
154.907902 845.461220
147.820475 848.575611
140.271348 848.659735
133.121999 851.651136
125.076419 847.634414
117.901951 850.497508
110.476365 851.310742
102.756427 849.072957
95.953939 856.727440
87.847150 849.373568
80.432516 849.924571
72.524967 842.425770
65.433227 847.836475
57.945621 846.193844
50.699472 850.481594
43.328937 852.707698
35.904355 853.869932
28.408829 848.967673
21.000000 854.000000
